main_keyword_lable:
ncm_threshold:1,low_threshold:1,need_node_nums:2,keyword:N,bType:main,intent:N

text_match_lable:
ncm_threshold:128,low_threshold:500,need_node_nums:1,keyword:xiao3 ling2 xiao3 ling2,bType:main,intent:xiao3 ling2 xiao3 ling2
ncm_threshold:102,low_threshold:500,need_node_nums:1,keyword:da4 hong2,bType:mlc,intent:da4 hong2
ncm_threshold:102,low_threshold:500,need_node_nums:1,keyword:zhi2 xing2,bType:mlc,intent:zhi2 xing2
ncm_threshold:102,low_threshold:500,need_node_nums:1,keyword:zuo3 zhuan3,bType:mlc,intent:zuo3 zhuan3
ncm_threshold:102,low_threshold:500,need_node_nums:1,keyword:you4 zhuan3,bType:mlc,intent:you4 zhuan3

mlc_freetalk_lable:

text_match_weight_lable:
row:5,col:64,weight_q:6,branch_q:4,out_q:10,norm:1,norm_in_q:6,norm_out_q:7
-0.42746925354003906,0.15902313590049744,-0.20108632743358612,0.019743114709854126,-0.248519167304039,0.08366453647613525,0.05249607563018799,0.2830803394317627,-0.3511468768119812,-0.6140593886375427,0.022156834602355957,0.18457114696502686,0.0011224448680877686,0.1472187340259552,0.008114516735076904,-0.5436922907829285,0.4477667212486267,0.6465948224067688,0.013032793998718262,-0.0599612295627594,0.2489526867866516,-0.4543073773384094,-0.29641109704971313,0.2560959458351135,-0.37569379806518555,0.20438307523727417,0.1673526167869568,-0.0016764402389526367,0.06874370574951172,0.09242519736289978,0.22441822290420532,-0.05440458655357361,0.3036603331565857,-0.06858556717634201,0.07590264081954956,-0.3728639483451843,0.08325982093811035,0.13648700714111328,0.005729228258132935,0.23565399646759033,0.23138487339019775,0.07502603530883789,-0.1245240569114685,-0.1614808440208435,-0.20838767290115356,-0.04258573055267334,-0.48059532046318054,-0.04736107587814331,0.6549567580223083,0.11080306768417358,-0.014212429523468018,-0.10082891583442688,0.013976514339447021,-0.15761670470237732,0.35035139322280884,0.22132720053195953,0.6864770650863647,0.21736226975917816,-0.08346789330244064,-0.25382113456726074,-0.21380460262298584,-0.09409081935882568,0.29396718740463257,-0.38053998351097107
0.47654038667678833,0.2624235153198242,-0.5429794192314148,-0.08822321891784668,0.06452947109937668,0.22272516787052155,-0.0192224383354187,-0.3735198974609375,-0.3809048533439636,-0.14692986011505127,0.09569394588470459,-0.3938795030117035,-0.2704872190952301,0.2302493155002594,0.1059114933013916,-0.38014304637908936,0.6544841527938843,0.0861082673072815,0.2410544753074646,-0.06406666338443756,-0.2596967816352844,-0.1861804872751236,-0.145082488656044,-0.03582194447517395,-0.496471107006073,-0.24766379594802856,0.057462602853775024,-0.1636655330657959,-0.05141931772232056,0.11476117372512817,0.17690029740333557,-0.2643663287162781,-0.14512129127979279,-0.032239317893981934,-0.18059638142585754,0.579267680644989,-0.41138869524002075,0.06503400206565857,0.03788989782333374,0.11140221357345581,0.33443278074264526,-0.18694333732128143,0.07645344734191895,0.08002907037734985,0.10632014274597168,-0.15441295504570007,-0.3075902462005615,-0.4766380488872528,0.5567238330841064,-0.19135111570358276,0.05484326183795929,0.1965697854757309,-0.08051672577857971,-0.19832751154899597,0.20365849137306213,0.033131860196590424,0.4398403763771057,0.2295711785554886,0.015932880342006683,0.10801738500595093,-0.2310979664325714,0.0764693021774292,0.36746183037757874,-0.388882040977478
-0.3872002363204956,0.2519895136356354,-0.07903063297271729,-0.07941901683807373,0.05479542911052704,0.06182129681110382,-0.02357138693332672,-0.490739643573761,-0.45655661821365356,-0.6318657994270325,0.1847529411315918,-0.7390989661216736,-0.05901717394590378,0.1615515947341919,0.15399044752120972,-0.34139788150787354,0.7071268558502197,0.08732068538665771,-0.28504854440689087,-0.2230452001094818,0.10502111911773682,-0.470964640378952,-0.3101496994495392,0.37741193175315857,-0.6176838278770447,0.23861795663833618,-0.0591064989566803,-0.1337195336818695,0.20684564113616943,0.016707055270671844,-0.0035376325249671936,0.07771986722946167,-0.08267700672149658,-0.19331716001033783,0.04706565663218498,0.3433261811733246,-0.12497258186340332,-0.05295243859291077,-0.03735119104385376,0.1908981204032898,0.21298539638519287,-0.18715153634548187,0.1722257137298584,0.18548989295959473,-0.23429971933364868,0.24433058500289917,-0.6208497285842896,0.24320095777511597,0.5673530101776123,0.20895862579345703,0.3396374583244324,-0.1775760054588318,0.4297318160533905,0.2761203944683075,0.32293152809143066,-0.1362987458705902,0.5265886187553406,0.22251088917255402,0.05170213431119919,-0.13130855560302734,-0.19287770986557007,0.18521183729171753,0.23128968477249146,-0.029591679573059082
0.6074922680854797,0.26363426446914673,0.13186275959014893,-0.12665599584579468,0.10456967353820801,0.08495095372200012,0.008747611194849014,-0.1723514199256897,0.21672123670578003,-0.5305265188217163,0.22159460186958313,-0.47999826073646545,-0.04976220428943634,0.17526522278785706,0.15164941549301147,-0.20675264298915863,0.629595160484314,0.33725327253341675,-0.12375915050506592,-0.1421101689338684,-0.16019168496131897,-0.31663480401039124,-0.22099731862545013,0.14255860447883606,-0.3843270540237427,0.29493123292922974,-0.1778937429189682,0.1717769205570221,0.3703266680240631,0.42370104789733887,-0.4141990840435028,0.08775383234024048,-0.32281768321990967,0.10093364119529724,-0.008544713258743286,0.10753145813941956,0.148154616355896,-0.04133021831512451,-0.008603334426879883,0.30038732290267944,-0.352685809135437,-0.10766923427581787,-0.24812012910842896,0.20147745311260223,-0.2781769037246704,0.25912418961524963,0.3753531575202942,0.2596369683742523,0.734175443649292,-0.1504828929901123,-0.12660381197929382,0.0809980034828186,-0.2920735478401184,-0.1636027693748474,-0.14504477381706238,0.010290011763572693,0.4778572916984558,0.007910212501883507,0.16405761241912842,0.20995879173278809,0.009034335613250732,-0.28838181495666504,0.1565970927476883,0.2067963182926178
0.5241893529891968,0.2886459231376648,0.04928100109100342,-0.07009413838386536,0.10833001136779785,0.23145008087158203,0.014049768447875977,-0.3901347517967224,0.23586714267730713,-0.48444345593452454,0.30741778016090393,-0.4708220362663269,-0.03914649039506912,0.07814717292785645,-0.21919387578964233,-0.3468766212463379,0.7057449817657471,0.44406259059906006,0.09088707715272903,0.2707556486129761,0.16669465601444244,-0.19621336460113525,-0.21831125020980835,-0.08312340080738068,-0.36081045866012573,-0.1038009524345398,-0.27518191933631897,-0.03337174654006958,0.35767826437950134,-0.0900634229183197,0.09293490648269653,-0.2419906109571457,-0.29193320870399475,0.28399980068206787,-0.12899449467658997,0.1302628517150879,0.012405812740325928,-0.03814035654067993,0.06544420123100281,0.2797721028327942,-0.24292701482772827,-0.11049041152000427,-0.34654802083969116,0.13343101739883423,-0.3288193941116333,-0.12185373902320862,0.30066192150115967,0.4587099254131317,0.669822096824646,-0.26343676447868347,-0.08130422234535217,-0.027450233697891235,0.05230662226676941,-0.0940135046839714,-0.05510841682553291,-0.2473272681236267,0.371329128742218,0.23463666439056396,0.06677427887916565,0.2552034556865692,0.04147756099700928,-0.2126745879650116,0.3817782998085022,0.21538494527339935
